0 0 0 0 0 0 0 0 0 0 0 0 0 0 0 0 0 0 
0 0 0 0 0 0 0 0 0 0 0 0 0 0 0 0 0 0 
0 0 0 0 0 0 0 0 0 0 0 0 0 0 0 0 0 0 
0 0 0 0 0 0 0 0 51 935 2002 546 546 544 0 0 0 0 
0 0 0 0 0 0 0 12455 3385309 11001210 13773363 2237436 2239634 2097696 0 0 0 0 
0 0 0 0 0 0 40989 11001210 14514739 8008615 3405785 16554447 9580540 2100368 0 0 0 0 
0 0 0 0 0 4113 1929523 8008466 3383853 11001210 14273042 13627945 16554342 9438864 0 0 0 0 
0 0 0 0 4113 1126908 3349649 1188147 2978812 8002705 1188348 2714777 6724047 9441040 0 0 0 0 
0 0 0 4097 1175833 16554447 9518899 3404569 16554447 9568025 16554447 10080051 13570833 1048832 0 0 0 0 
0 0 0 69633 1687950 13582002 3346977 1687975 13572049 1687975 13580242 3346977 1114368 0 0 0 0 0 
0 0 0 98315 9354216 11675699 2204445 11001210 13740573 11001210 13773363 2163456 0 0 0 0 0 0 
0 0 0 778242 15217186 3346977 1929614 8003249 1929523 8008499 3343104 0 0 0 0 0 0 0 
0 0 0 139266 2236962 2196011 9354216 11614259 3355443 3343104 0 0 0 0 0 0 0 0 
0 0 0 139264 2236416 2875392 15216640 3354624 3342336 0 0 0 0 0 0 0 0 0 
0 0 0 0 0 0 0 0 0 0 0 0 0 0 0 0 0 0 
0 0 0 0 0 0 0 0 0 0 0 0 0 0 0 0 0 0 
0 0 0 0 0 0 0 0 0 0 0 0 0 0 0 0 0 0 
0 0 0 0 0 0 0 0 0 0 0 0 0 0 0 0 0 0 
