00000000000000000000000000000000000000000000000000
00000000000000000000000000111111111111111111111110
01111111111111111111111111111111111111111111111110
01111111111111111111111111111111111111111111111110
01111111111111111111111111111111111111111111111110
01111111111111111111111111111111111111111111111110
01111111111111111111111111111111111111111111111110
01111111111111111111111111111111111111111111111110
01111111111111111111111111111111111111111111111110
01111111111111111111111111111111111111111111111110
01111111111111111111111111111111111111111111111110
01111111111111111111111111111111111111111111111110
01111111111111111111111111111111111111111111111110
01111111111111111111111111111111111111111111111110
01111111111111111111111111111111111111111111111110
01111111111111111111111111111111111111111111111110
01111111111111111111111111111111111111111111111110
01111111111111111111111111111111111111111111111110
01111111111111111111111111111111111111111111111110
01111111111111111111111111111111111111111111111110
01111111111111111111111111111111111111111111111110
01111111111111111111111111111111111111111111111110
01111111111111111111111111111111111111111111111110
01111111111111111111111111111111111111111111111110
00000000000000000000000000000000000000000000000000