0 0 0 0 0 0 0 0 0 0 0 0 0 0 0 0 0 0 
0 0 0 0 0 0 0 0 0 0 0 0 0 0 0 0 0 0 
0 0 0 0 0 0 0 0 0 0 0 0 0 0 0 0 0 0 
0 0 0 0 0 4 4 0 0 0 0 4 4 0 0 0 0 0 
0 0 0 0 0 0 0 4 0 0 0 0 0 0 0 0 0 0 
0 0 0 0 1 1 2 0 8 0 1 5 4 0 0 0 0 0 
0 0 0 0 0 8 0 5 0 0 0 0 0 0 0 0 0 0 
0 0 0 2 0 8 2 0 8 4 5 1 0 0 0 0 0 0 
0 0 0 2 0 0 0 1 0 0 0 0 0 0 0 0 0 0 
0 0 0 0 0 0 0 4 5 1 0 0 0 0 0 0 0 0 
0 0 0 0 0 8 0 0 0 0 0 0 0 0 0 0 0 0 
0 0 0 2 0 8 1 1 0 0 0 0 0 0 0 0 0 0 
0 0 0 2 0 4 0 0 0 0 0 0 0 0 0 0 0 0 
0 0 0 0 2 0 8 0 0 0 0 0 0 0 0 0 0 0 
0 0 0 0 0 1 0 0 0 0 0 0 0 0 0 0 0 0 
0 0 0 0 0 0 0 0 0 0 0 0 0 0 0 0 0 0 
0 0 0 0 0 0 0 0 0 0 0 0 0 0 0 0 0 0 
0 0 0 0 0 0 0 0 0 0 0 0 0 0 0 0 0 0 
