0 0 0 0 0 0 0 0 0 0 0 0 0 0 0 0 0 0 
0 0 0 0 0 0 0 0 0 0 0 0 0 0 0 0 0 0 
0 0 0 0 0 0 0 0 0 0 0 0 0 0 0 0 0 0 
0 0 0 0 0 0 0 0 0 0 0 0 0 0 0 0 0 0 
0 0 0 0 0 0 0 4 0 4 0 4 0 4 0 0 0 0 
0 0 0 0 0 0 2 0 10 0 10 0 10 0 8 0 0 0 
0 0 0 0 0 0 0 1 0 1 0 1 0 1 0 0 0 0 
0 0 0 0 0 0 0 0 0 4 4 0 0 0 0 0 0 0 
0 0 0 0 0 8 0 8 0 0 0 0 0 0 0 0 0 0 
0 0 0 2 0 10 0 8 1 1 0 0 0 0 0 0 0 0 
0 0 0 2 0 2 0 4 0 0 0 0 0 0 0 0 0 0 
0 0 0 0 0 0 2 0 8 0 0 0 0 0 0 0 0 0 
0 0 0 0 0 8 0 1 0 0 0 0 0 0 0 0 0 0 
0 0 0 2 0 8 0 0 0 0 0 0 0 0 0 0 0 0 
0 0 0 2 0 0 0 0 0 0 0 0 0 0 0 0 0 0 
0 0 0 0 0 0 0 0 0 0 0 0 0 0 0 0 0 0 
0 0 0 0 0 0 0 0 0 0 0 0 0 0 0 0 0 0 
0 0 0 0 0 0 0 0 0 0 0 0 0 0 0 0 0 0 
