0 0 0 0 0 0 0 0 0 0 0 0 0 0 0 0 0 0 
0 0 0 0 0 0 0 0 0 0 0 0 0 0 0 0 0 0 
0 0 0 0 0 0 0 0 0 0 0 0 0 0 0 0 0 0 
0 0 0 0 0 0 0 0 51 819 819 910 3762 544 0 0 0 0 
0 0 0 0 0 0 0 12339 3355443 3355443 3375899 9354216 11675666 2097696 0 0 0 0 
0 0 0 0 0 0 12455 3356626 3355170 3346977 1827090 15208993 1188114 2097696 0 0 0 0 
0 0 0 0 0 40989 11001210 13773454 2240178 2167329 1188147 2167569 1188348 2100368 0 0 0 0 
0 0 0 0 4113 1929490 8028715 9354216 11675666 2175522 3346977 1175833 16554447 9441040 0 0 0 0 
0 0 0 4097 1118481 1188147 2876302 15212209 1188263 2238418 2167329 1687859 13570833 1048832 0 0 0 0 
0 0 0 69633 1126908 3378331 9354216 11642909 11001210 13773363 2175795 3347217 1114368 0 0 0 0 0 
0 0 0 126985 16554342 10217106 15208993 1929523 8008700 3357842 3346977 1114368 0 0 0 0 0 0 
0 0 0 614409 6724047 9580339 2175762 3404329 16554447 9580339 2163456 0 0 0 0 0 0 0 
0 0 0 638978 13578786 3346977 1188147 2736947 13579059 3343104 0 0 0 0 0 0 0 0 
0 0 0 139264 2236416 2174976 3354624 3354624 3342336 0 0 0 0 0 0 0 0 0 
0 0 0 0 0 0 0 0 0 0 0 0 0 0 0 0 0 0 
0 0 0 0 0 0 0 0 0 0 0 0 0 0 0 0 0 0 
0 0 0 0 0 0 0 0 0 0 0 0 0 0 0 0 0 0 
0 0 0 0 0 0 0 0 0 0 0 0 0 0 0 0 0 0 
