0 0 0 0 0 0 0 0 0 0 0 0 0 0 0 0 0 0 0 0 0 0 0 0 0 0 0 0 0 0 0 0 0 0 0 0 0 0 0 0 0 0 0 0 0 0 0 0 
0 0 0 0 0 0 0 0 0 0 0 0 0 0 0 0 0 0 0 0 0 0 0 0 0 0 0 0 0 0 0 0 0 0 0 0 0 0 0 0 0 0 0 0 0 0 0 0 
0 0 0 0 0 0 0 0 0 0 0 0 0 0 0 0 0 0 0 0 0 0 0 0 0 0 0 0 0 0 0 0 0 0 0 0 0 0 0 0 0 0 0 0 0 0 0 0 
0 0 0 0 0 0 0 0 0 0 0 0 0 0 0 0 0 0 0 0 0 0 0 18 546 546 546 546 546 546 546 546 546 546 546 546 546 546 546 546 546 546 546 544 0 0 0 0 
0 0 0 0 0 0 0 0 0 0 0 0 0 0 0 0 0 0 0 0 0 0 4113 1188114 2236962 2236962 2236962 2236962 2236962 2236962 2236962 2236962 2236962 2236962 2236962 2236962 2236962 2236962 2236962 2236962 2236962 2236962 2236962 2097696 0 0 0 0 
0 0 0 0 0 0 0 0 0 0 0 0 0 0 0 0 0 0 0 0 0 4113 1118481 1188114 2236962 2236962 2236962 2236962 2236962 2236962 2236962 2236962 2236962 2236962 2236962 2236962 2236962 2236962 2236962 2236962 2236962 2236962 2236962 2097696 0 0 0 0 
0 0 0 0 0 0 0 0 0 0 0 0 0 0 0 0 0 0 0 0 4113 1118481 1118481 1188114 2236962 2236962 2236962 2236962 2236962 2236962 2236962 2236962 2236962 2236962 2236962 2236962 2236962 2236962 2236962 2236962 2236962 2236962 2236962 2097696 0 0 0 0 
0 0 0 0 0 0 0 0 0 0 0 0 0 0 0 0 0 0 0 4113 1118481 1118481 1118481 1188114 2236962 2236962 2236962 2236962 2236962 2236962 2236962 2236962 2236962 2236962 2236962 2236962 2236962 2236962 2236962 2236962 2236962 2236962 2236962 2097696 0 0 0 0 
0 0 0 0 0 0 0 0 0 0 0 0 0 0 0 0 0 0 4113 1118481 1118481 1118481 1118481 1188114 2236962 2236962 2236962 2236962 2236962 2236962 2236962 2236962 2236962 2236962 2236962 2236962 2236962 2236962 2236962 2236962 2236962 2236962 2236962 2097696 0 0 0 0 
0 0 0 0 0 0 0 0 0 0 0 0 0 0 0 0 0 4113 1118481 1118481 1118481 1118481 1118481 1188114 2236962 2236962 2236962 2236962 2236962 2236962 2236962 2236962 2236962 2236962 2236962 2236962 2236962 2236962 2236962 2236962 2236962 2236962 2236962 2097696 0 0 0 0 
0 0 0 0 0 0 0 0 0 0 0 0 0 0 0 0 4113 1118481 1118481 1118481 1118481 1118481 1118481 1188114 2236962 2236962 2236962 2236962 2236962 2236962 2236962 2236962 2236962 2236962 2236962 2236962 2236962 2236962 2236962 2236962 2236962 2236962 2236962 2097696 0 0 0 0 
0 0 0 0 0 0 0 0 0 0 0 0 0 0 0 4113 1118481 1118481 1118481 1118481 1118481 1118481 1118481 1188114 2236962 2236962 2236962 2236962 2236962 2236962 2236962 2236962 2236962 2236962 2236962 2236962 2236962 2236962 2236962 2236962 2236962 2236962 2236962 2097696 0 0 0 0 
0 0 0 0 0 0 0 0 0 0 0 0 0 0 4113 1118481 1118481 1118481 1118481 1118481 1118481 1118481 1118481 1188114 2236962 2236962 2236962 2236962 2236962 2236962 2236962 2236962 2236962 2236962 2236962 2236962 2236962 2236962 2236962 2236962 2236962 2236962 2236962 2097696 0 0 0 0 
0 0 0 0 0 0 0 0 0 0 0 0 0 4113 1118481 1118481 1118481 1118481 1118481 1118481 1118481 1118481 1118481 1188114 2236962 2236962 2236962 2236962 2236962 2236962 2236962 2236962 2236962 2236962 2236962 2236962 2236962 2236962 2236962 2236962 2236962 2236962 2236962 2097696 0 0 0 0 
0 0 0 0 0 0 0 0 0 0 0 0 4113 1118481 1118481 1118481 1118481 1118481 1118481 1118481 1118481 1118481 1118481 1188114 2236962 2236962 2236962 2236962 2236962 2236962 2236962 2236962 2236962 2236962 2236962 2236962 2236962 2236962 2236962 2236962 2236962 2236962 2236962 2097696 0 0 0 0 
0 0 0 0 0 0 0 0 0 0 0 4113 1118481 1118481 1118481 1118481 1118481 1118481 1118481 1118481 1118481 1118481 1118481 1188114 2236962 2236962 2236962 2236962 2236962 2236962 2236962 2236962 2236962 2236962 2236962 2236962 2236962 2236962 2236962 2236962 2236962 2236962 2236962 2097696 0 0 0 0 
0 0 0 0 0 0 0 0 0 0 4113 1118481 1118481 1118481 1118481 1118481 1118481 1118481 1118481 1118481 1118481 1118481 1118481 1188114 2236962 2236962 2236962 2236962 2236962 2236962 2236962 2236962 2236962 2236962 2236962 2236962 2236962 2236962 2236962 2236962 2236962 2236962 2236962 2097696 0 0 0 0 
0 0 0 0 0 0 0 0 0 4113 1118481 1118481 1118481 1118481 1118481 1118481 1118481 1118481 1118481 1118481 1118481 1118481 1118481 1188114 2236962 2236962 2236962 2236962 2236962 2236962 2236962 2236962 2236962 2236962 2236962 2236962 2236962 2236962 2236962 2236962 2236962 2236962 2236962 2097696 0 0 0 0 
0 0 0 0 0 0 0 0 4113 1118481 1118481 1118481 1118481 1118481 1118481 1118481 1118481 1118481 1118481 1118481 1118481 1118481 1118481 1188238 2240178 2236962 2236962 2236962 2236962 2236962 2236962 2236962 2236962 2236962 2236962 2236962 2236962 2236962 2236962 2236962 2236962 2236962 2236962 2097696 0 0 0 0 
0 0 0 0 0 0 0 4113 1118481 1118481 1118481 1118481 1118481 1118481 1118481 1118481 1118481 1118481 1118481 1118481 1118481 1118481 1147163 9354216 11675699 2237202 2236962 2236962 2236962 2236962 2236962 2236962 2236962 2236962 2236962 2236962 2236962 2236962 2236962 2236962 2236962 2236962 2236962 2097696 0 0 0 0 
0 0 0 0 0 0 4113 1118481 1118481 1118481 1118481 1118481 1118481 1118481 1118481 1118481 1118481 1118481 1118481 1118481 1118481 1118481 1827214 15220402 3346977 1188263 2238418 2236962 2236962 2236962 2236962 2236962 2236962 2236962 2236962 2236962 2236962 2236962 2236962 2236962 2236962 2236962 2236962 2097696 0 0 0 0 
0 0 0 0 0 4113 1118481 1118481 1118481 1118481 1118481 1118481 1118481 1118481 1118481 1118481 1118481 1118481 1118481 1118481 1118481 1147163 9354216 11675666 2204205 11001210 13773479 2238279 2238279 2238418 2236962 2236962 2236962 2236962 2236962 2236962 2236962 2236962 2236962 2236962 2236962 2236962 2236962 2097696 0 0 0 0 
0 0 0 0 4113 1118481 1118481 1118481 1118481 1118481 1118481 1118481 1118481 1118481 1118481 1118481 1118481 1118481 1118481 1118481 1118481 1827324 15211665 1188147 2978578 8036909 10964340 4670580 4707450 13773363 2237436 2239634 2236962 2236962 2236962 2236962 2236962 2236962 2236962 2236962 2236962 2236962 2236962 2097696 0 0 0 0 
0 0 0 4097 1118481 1118481 1118481 1118481 1118481 1118481 1118481 1118481 1118481 1118481 1118481 1118481 1118481 1118481 1118481 1118481 1175833 16554342 9516690 3346977 1188147 2978611 7631667 7631634 8008226 3404329 16554447 9580339 2237235 2237235 2237235 2237235 2237235 2237235 2237235 2237235 2237235 2237235 2237235 2097920 0 0 0 0 
0 0 0 69633 1118481 1118481 1118481 1118481 1118481 1118481 1118481 1118481 1118481 1118481 1118481 1118481 1118481 1118481 1118481 1118481 1663257 6724047 9580455 2176978 3355170 3355170 3346977 1188147 2237235 2736947 13579059 3355443 3355443 3355443 3355443 3355443 3355443 3355443 3355443 3355443 3355443 3355443 3343104 0 0 0 0 0 
0 0 0 69633 1118481 1118481 1118481 1118481 1118481 1118481 1118481 1118481 1118481 1118481 1118481 1118481 1118481 1118481 1118481 1118481 1687950 13610685 11001210 13773363 2237235 2237235 2175795 3355443 3355443 3355443 3355443 3355443 3355443 3355443 3355443 3355443 3355443 3355443 3355443 3355443 3355443 3343104 0 0 0 0 0 0 
0 0 0 69633 1118481 1118481 1118481 1118481 1118481 1118481 1118481 1118481 1118481 1118481 1118481 1118481 1118481 1118481 1118481 1147269 9352536 12417075 8008499 3355443 3355443 3355443 3355443 3355443 3355443 3355443 3355443 3355443 3355443 3355443 3355443 3355443 3355443 3355443 3355443 3355443 3343104 0 0 0 0 0 0 0 
0 0 0 69633 1118481 1118481 1118481 1118481 1118481 1118481 1118481 1118481 1118481 1118481 1118481 1118481 1118481 1118481 1147269 8738136 5781555 3355443 3355443 3355443 3355443 3355443 3355443 3355443 3355443 3355443 3355443 3355443 3355443 3355443 3355443 3355443 3355443 3355443 3355443 3343104 0 0 0 0 0 0 0 0 
0 0 0 69633 1118481 1118481 1118481 1118481 1118481 1118481 1118481 1118481 1118481 1118481 1118481 1118481 1118481 1147269 8738136 5781555 3355443 3355443 3355443 3355443 3355443 3355443 3355443 3355443 3355443 3355443 3355443 3355443 3355443 3355443 3355443 3355443 3355443 3355443 3343104 0 0 0 0 0 0 0 0 0 
0 0 0 69633 1118481 1118481 1118481 1118481 1118481 1118481 1118481 1118481 1118481 1118481 1118481 1118481 1147163 8739816 5781555 3355443 3355443 3355443 3355443 3355443 3355443 3355443 3355443 3355443 3355443 3355443 3355443 3355443 3355443 3355443 3355443 3355443 3355443 3343104 0 0 0 0 0 0 0 0 0 0 
0 0 0 69633 1118481 1118481 1118481 1118481 1118481 1118481 1118481 1118481 1118481 1118481 1118481 1118481 1827123 15217459 3355443 3355443 3355443 3355443 3355443 3355443 3355443 3355443 3355443 3355443 3355443 3355443 3355443 3355443 3355443 3355443 3355443 3355443 3343104 0 0 0 0 0 0 0 0 0 0 0 
0 0 0 69633 1118481 1118481 1118481 1118481 1118481 1118481 1118481 1118481 1118481 1118481 1118481 1126707 3355443 3355443 3355443 3355443 3355443 3355443 3355443 3355443 3355443 3355443 3355443 3355443 3355443 3355443 3355443 3355443 3355443 3355443 3355443 3343104 0 0 0 0 0 0 0 0 0 0 0 0 
0 0 0 69633 1118481 1118481 1118481 1118481 1118481 1118481 1118481 1118481 1118481 1118481 1126707 3355443 3355443 3355443 3355443 3355443 3355443 3355443 3355443 3355443 3355443 3355443 3355443 3355443 3355443 3355443 3355443 3355443 3355443 3355443 3343104 0 0 0 0 0 0 0 0 0 0 0 0 0 
0 0 0 69633 1118481 1118481 1118481 1118481 1118481 1118481 1118481 1118481 1118481 1126707 3355443 3355443 3355443 3355443 3355443 3355443 3355443 3355443 3355443 3355443 3355443 3355443 3355443 3355443 3355443 3355443 3355443 3355443 3355443 3343104 0 0 0 0 0 0 0 0 0 0 0 0 0 0 
0 0 0 69633 1118481 1118481 1118481 1118481 1118481 1118481 1118481 1118481 1126707 3355443 3355443 3355443 3355443 3355443 3355443 3355443 3355443 3355443 3355443 3355443 3355443 3355443 3355443 3355443 3355443 3355443 3355443 3355443 3343104 0 0 0 0 0 0 0 0 0 0 0 0 0 0 0 
0 0 0 69633 1118481 1118481 1118481 1118481 1118481 1118481 1118481 1126707 3355443 3355443 3355443 3355443 3355443 3355443 3355443 3355443 3355443 3355443 3355443 3355443 3355443 3355443 3355443 3355443 3355443 3355443 3355443 3343104 0 0 0 0 0 0 0 0 0 0 0 0 0 0 0 0 
0 0 0 69633 1118481 1118481 1118481 1118481 1118481 1118481 1126707 3355443 3355443 3355443 3355443 3355443 3355443 3355443 3355443 3355443 3355443 3355443 3355443 3355443 3355443 3355443 3355443 3355443 3355443 3355443 3343104 0 0 0 0 0 0 0 0 0 0 0 0 0 0 0 0 0 
0 0 0 69633 1118481 1118481 1118481 1118481 1118481 1126707 3355443 3355443 3355443 3355443 3355443 3355443 3355443 3355443 3355443 3355443 3355443 3355443 3355443 3355443 3355443 3355443 3355443 3355443 3355443 3343104 0 0 0 0 0 0 0 0 0 0 0 0 0 0 0 0 0 0 
0 0 0 69633 1118481 1118481 1118481 1118481 1126707 3355443 3355443 3355443 3355443 3355443 3355443 3355443 3355443 3355443 3355443 3355443 3355443 3355443 3355443 3355443 3355443 3355443 3355443 3355443 3343104 0 0 0 0 0 0 0 0 0 0 0 0 0 0 0 0 0 0 0 
0 0 0 69633 1118481 1118481 1118481 1126707 3355443 3355443 3355443 3355443 3355443 3355443 3355443 3355443 3355443 3355443 3355443 3355443 3355443 3355443 3355443 3355443 3355443 3355443 3355443 3343104 0 0 0 0 0 0 0 0 0 0 0 0 0 0 0 0 0 0 0 0 
0 0 0 69633 1118481 1118481 1126707 3355443 3355443 3355443 3355443 3355443 3355443 3355443 3355443 3355443 3355443 3355443 3355443 3355443 3355443 3355443 3355443 3355443 3355443 3355443 3343104 0 0 0 0 0 0 0 0 0 0 0 0 0 0 0 0 0 0 0 0 0 
0 0 0 69633 1118481 1126707 3355443 3355443 3355443 3355443 3355443 3355443 3355443 3355443 3355443 3355443 3355443 3355443 3355443 3355443 3355443 3355443 3355443 3355443 3355443 3343104 0 0 0 0 0 0 0 0 0 0 0 0 0 0 0 0 0 0 0 0 0 0 
0 0 0 69633 1126707 3355443 3355443 3355443 3355443 3355443 3355443 3355443 3355443 3355443 3355443 3355443 3355443 3355443 3355443 3355443 3355443 3355443 3355443 3355443 3343104 0 0 0 0 0 0 0 0 0 0 0 0 0 0 0 0 0 0 0 0 0 0 0 
0 0 0 77824 3354624 3354624 3354624 3354624 3354624 3354624 3354624 3354624 3354624 3354624 3354624 3354624 3354624 3354624 3354624 3354624 3354624 3354624 3354624 3342336 0 0 0 0 0 0 0 0 0 0 0 0 0 0 0 0 0 0 0 0 0 0 0 0 
0 0 0 0 0 0 0 0 0 0 0 0 0 0 0 0 0 0 0 0 0 0 0 0 0 0 0 0 0 0 0 0 0 0 0 0 0 0 0 0 0 0 0 0 0 0 0 0 
0 0 0 0 0 0 0 0 0 0 0 0 0 0 0 0 0 0 0 0 0 0 0 0 0 0 0 0 0 0 0 0 0 0 0 0 0 0 0 0 0 0 0 0 0 0 0 0 
0 0 0 0 0 0 0 0 0 0 0 0 0 0 0 0 0 0 0 0 0 0 0 0 0 0 0 0 0 0 0 0 0 0 0 0 0 0 0 0 0 0 0 0 0 0 0 0 
0 0 0 0 0 0 0 0 0 0 0 0 0 0 0 0 0 0 0 0 0 0 0 0 0 0 0 0 0 0 0 0 0 0 0 0 0 0 0 0 0 0 0 0 0 0 0 0 
