0 0 0 0 0 0 0 0 0 0 0 0 0 0 0 0 0 0 0 0 0 0 0 0 0 0 0 0 0 0 0 0 0 0 0 0 0 0 0 0 0 0 0 0 0 0 0 0 
0 0 0 0 0 0 0 0 0 0 0 0 0 0 0 0 0 0 0 0 0 0 0 0 0 0 0 0 0 0 0 0 0 0 0 0 0 0 0 0 0 0 0 0 0 0 0 0 
0 0 0 0 0 0 0 0 0 0 0 0 0 0 0 0 0 0 0 0 0 0 0 0 0 0 0 0 0 0 0 0 0 0 0 0 0 0 0 0 0 0 0 0 0 0 0 0 
0 0 0 0 0 0 0 0 0 0 0 0 0 0 0 0 0 0 0 0 0 0 0 51 819 819 819 819 819 819 819 819 819 819 819 819 819 819 819 819 819 819 819 784 0 0 0 0 
0 0 0 0 0 0 0 0 0 0 0 0 0 0 0 0 0 0 0 0 0 0 12339 3355443 3355443 3355443 3355443 3355443 3355443 3355443 3355443 3355443 3355443 3355443 3355443 3355443 3355443 3355443 3355443 3355443 3355443 3355443 3347217 1048848 0 0 0 0 
0 0 0 0 0 0 0 0 0 0 0 0 0 0 0 0 0 0 0 0 0 12339 3355443 3355443 3355443 3355443 3355443 3355443 3355443 3355443 3355443 3355443 3355443 3355443 3355443 3355443 3355443 3355443 3355443 3355443 3355443 3347217 1118481 1048848 0 0 0 0 
0 0 0 0 0 0 0 0 0 0 0 0 0 0 0 0 0 0 0 0 12339 3355443 3355443 3355443 3355443 3355443 3355443 3355443 3355443 3355443 3355443 3355443 3355443 3355443 3355443 3355443 3355443 3355443 3355443 3355443 3347217 1118481 1118481 1048848 0 0 0 0 
0 0 0 0 0 0 0 0 0 0 0 0 0 0 0 0 0 0 0 12339 3355443 3355443 3355443 3355443 3355443 3355443 3355443 3355443 3355443 3355443 3355443 3355443 3355443 3355443 3355443 3355443 3355443 3355443 3355443 3347217 1118481 1118481 1118481 1048848 0 0 0 0 
0 0 0 0 0 0 0 0 0 0 0 0 0 0 0 0 0 0 12339 3355443 3355443 3355443 3355443 3355443 3355443 3355443 3355443 3355443 3355443 3355443 3355443 3355443 3355443 3355443 3355443 3355443 3355443 3355443 3347217 1118481 1118481 1118481 1118481 1048848 0 0 0 0 
0 0 0 0 0 0 0 0 0 0 0 0 0 0 0 0 0 12339 3355443 3355443 3355443 3355443 3355443 3355443 3355443 3355443 3355443 3355443 3355443 3355443 3355443 3355443 3355443 3355443 3355443 3355443 3355443 3347217 1118481 1118481 1118481 1118481 1118481 1048848 0 0 0 0 
0 0 0 0 0 0 0 0 0 0 0 0 0 0 0 0 12339 3355443 3355443 3355443 3355443 3355443 3355443 3355443 3355443 3355443 3355443 3355443 3355443 3355443 3355443 3355443 3355443 3355443 3355443 3355443 3347217 1118481 1118481 1118481 1118481 1118481 1118481 1048848 0 0 0 0 
0 0 0 0 0 0 0 0 0 0 0 0 0 0 0 12339 3355443 3355443 3355443 3355443 3355443 3355443 3355443 3355443 3355443 3355443 3355443 3355443 3355443 3355443 3355443 3355443 3355443 3355443 3355443 3347217 1118481 1118481 1118481 1118481 1118481 1118481 1118481 1048848 0 0 0 0 
0 0 0 0 0 0 0 0 0 0 0 0 0 0 12339 3355443 3355443 3355443 3355443 3355443 3355443 3355443 3355443 3355443 3355443 3355443 3355443 3355443 3355443 3355443 3355443 3355443 3355443 3355443 3347217 1118481 1118481 1118481 1118481 1118481 1118481 1118481 1118481 1048848 0 0 0 0 
0 0 0 0 0 0 0 0 0 0 0 0 0 12339 3355443 3355443 3355443 3355443 3355443 3355443 3355443 3355443 3355443 3355443 3355443 3355443 3355443 3355443 3355443 3355443 3355443 3355443 3355443 3347217 1118481 1118481 1118481 1118481 1118481 1118481 1118481 1118481 1118481 1048848 0 0 0 0 
0 0 0 0 0 0 0 0 0 0 0 0 12339 3355443 3355443 3355443 3355443 3355443 3355443 3355443 3355443 3355443 3355443 3355443 3355443 3355443 3355443 3355443 3355443 3355443 3355443 3355443 3347217 1118481 1118481 1118481 1118481 1118481 1118481 1118481 1118481 1118481 1118481 1048848 0 0 0 0 
0 0 0 0 0 0 0 0 0 0 0 12339 3355443 3355443 3355443 3355443 3355443 3355443 3355443 3355443 3355443 3355443 3355443 3355443 3355443 3355443 3355443 3355443 3355443 3355443 3355443 3347217 1118481 1118481 1118481 1118481 1118481 1118481 1118481 1118481 1118481 1118481 1118481 1048848 0 0 0 0 
0 0 0 0 0 0 0 0 0 0 12339 3355443 3355443 3355443 3355443 3355443 3355443 3355443 3355443 3355443 3355443 3355443 3355443 3355443 3355443 3355443 3355443 3355443 3355443 3355443 3347217 1118481 1118481 1118481 1118481 1118481 1118481 1118481 1118481 1118481 1118481 1118481 1118481 1048848 0 0 0 0 
0 0 0 0 0 0 0 0 0 12339 3355443 3355443 3355443 3355443 3355443 3355443 3355443 3355443 3355443 3355443 3355443 3355443 3355443 3355443 3355443 3355443 3355443 3355443 3355443 3347217 1118481 1118481 1118481 1118481 1118481 1118481 1118481 1118481 1118481 1118481 1118481 1118481 1118481 1048848 0 0 0 0 
0 0 0 0 0 0 0 0 12339 3355443 3355443 3355443 3355443 3355443 3355443 3355443 3355443 3355443 3355443 3355443 3355443 3355443 3355443 3355443 3355443 3355443 3355443 3355443 3347217 1118481 1118481 1118481 1118481 1118481 1118481 1118481 1118481 1118481 1118481 1118481 1118481 1118481 1118481 1048848 0 0 0 0 
0 0 0 0 0 0 0 12339 3355443 3355443 3355443 3355443 3355443 3355443 3355443 3355443 3355443 3355443 3355443 3355443 3355443 3355443 3355443 3355443 3355443 3355443 3355443 3347217 1118481 1118481 1118481 1118481 1118481 1118481 1118481 1118481 1118481 1118481 1118481 1118481 1118481 1118481 1118481 1048848 0 0 0 0 
0 0 0 0 0 0 12339 3355443 3355443 3355443 3355443 3355443 3355443 3355443 3355443 3355443 3355443 3355443 3355443 3355443 3355443 3355443 3355443 3355443 3355443 3355443 3347217 1118481 1118481 1118481 1118481 1118481 1118481 1118481 1118481 1118481 1118481 1118481 1118481 1118481 1118481 1118481 1118481 1048848 0 0 0 0 
0 0 0 0 0 12339 3355443 3355443 3355443 3355443 3355443 3355443 3355443 3355443 3355443 3355443 3355443 3355443 3355443 3355443 3355443 3355443 3355443 3355443 3355443 3347217 1118481 1118481 1118481 1118481 1118481 1118481 1118481 1118481 1118481 1118481 1118481 1118481 1118481 1118481 1118481 1118481 1118481 1048848 0 0 0 0 
0 0 0 0 12339 3355443 3355443 3355443 3355443 3355443 3355443 3355443 3355443 3355443 3355443 3355443 3355443 3355443 3355443 3355443 3355443 3355443 3355443 3355443 3347217 1118481 1118481 1118481 1118481 1118481 1118481 1118481 1118481 1118481 1118481 1118481 1118481 1118481 1118481 1118481 1118481 1118481 1118481 1048848 0 0 0 0 
0 0 0 12290 3355170 3355170 3355170 3355170 3355170 3355170 3355170 3355170 3355170 3355170 3355170 3355170 3355170 3355170 3355170 3355170 3355170 3355170 3355170 3346977 1118481 1118481 1118481 1118481 1118481 1118481 1118481 1118481 1118481 1118481 1118481 1118481 1118481 1118481 1118481 1118481 1118481 1118481 1118481 1048832 0 0 0 0 
0 0 0 139266 2236962 2236962 2236962 2236962 2236962 2236962 2236962 2236962 2236962 2236962 2236962 2236962 2236962 2236962 2236962 2236962 2236962 2236962 2236962 2167329 1118481 1118481 1118481 1118481 1118481 1118481 1118481 1118481 1118481 1118481 1118481 1118481 1118481 1118481 1118481 1118481 1118481 1118481 1114368 0 0 0 0 0 
0 0 0 139266 2236962 2236962 2236962 2236962 2236962 2236962 2236962 2236962 2236962 2236962 2236962 2236962 2236962 2236962 2236962 2236962 2236962 2236962 2236962 2167329 1118481 1118481 1118481 1118481 1118481 1118481 1118481 1118481 1118481 1118481 1118481 1118481 1118481 1118481 1118481 1118481 1118481 1114368 0 0 0 0 0 0 
0 0 0 139266 2236962 2236962 2236962 2236962 2236962 2236962 2236962 2236962 2236962 2236962 2236962 2236962 2236962 2236962 2236962 2236962 2236962 2236962 2236962 2167329 1118481 1118481 1118481 1118481 1118481 1118481 1118481 1118481 1118481 1118481 1118481 1118481 1118481 1118481 1118481 1118481 1114368 0 0 0 0 0 0 0 
0 0 0 139266 2236962 2236962 2236962 2236962 2236962 2236962 2236962 2236962 2236962 2236962 2236962 2236962 2236962 2236962 2236962 2236962 2236962 2236962 2236962 2167329 1118481 1118481 1118481 1118481 1118481 1118481 1118481 1118481 1118481 1118481 1118481 1118481 1118481 1118481 1118481 1114368 0 0 0 0 0 0 0 0 
0 0 0 139266 2236962 2236962 2236962 2236962 2236962 2236962 2236962 2236962 2236962 2236962 2236962 2236962 2236962 2236962 2236962 2236962 2236962 2236962 2236962 2167329 1118481 1118481 1118481 1118481 1118481 1118481 1118481 1118481 1118481 1118481 1118481 1118481 1118481 1118481 1114368 0 0 0 0 0 0 0 0 0 
0 0 0 139266 2236962 2236962 2236962 2236962 2236962 2236962 2236962 2236962 2236962 2236962 2236962 2236962 2236962 2236962 2236962 2236962 2236962 2236962 2236962 2167329 1118481 1118481 1118481 1118481 1118481 1118481 1118481 1118481 1118481 1118481 1118481 1118481 1118481 1114368 0 0 0 0 0 0 0 0 0 0 
0 0 0 139266 2236962 2236962 2236962 2236962 2236962 2236962 2236962 2236962 2236962 2236962 2236962 2236962 2236962 2236962 2236962 2236962 2236962 2236962 2236962 2167329 1118481 1118481 1118481 1118481 1118481 1118481 1118481 1118481 1118481 1118481 1118481 1118481 1114368 0 0 0 0 0 0 0 0 0 0 0 
0 0 0 139266 2236962 2236962 2236962 2236962 2236962 2236962 2236962 2236962 2236962 2236962 2236962 2236962 2236962 2236962 2236962 2236962 2236962 2236962 2236962 2167329 1118481 1118481 1118481 1118481 1118481 1118481 1118481 1118481 1118481 1118481 1118481 1114368 0 0 0 0 0 0 0 0 0 0 0 0 
0 0 0 139266 2236962 2236962 2236962 2236962 2236962 2236962 2236962 2236962 2236962 2236962 2236962 2236962 2236962 2236962 2236962 2236962 2236962 2236962 2236962 2167329 1118481 1118481 1118481 1118481 1118481 1118481 1118481 1118481 1118481 1118481 1114368 0 0 0 0 0 0 0 0 0 0 0 0 0 
0 0 0 139266 2236962 2236962 2236962 2236962 2236962 2236962 2236962 2236962 2236962 2236962 2236962 2236962 2236962 2236962 2236962 2236962 2236962 2236962 2236962 2167329 1118481 1118481 1118481 1118481 1118481 1118481 1118481 1118481 1118481 1114368 0 0 0 0 0 0 0 0 0 0 0 0 0 0 
0 0 0 139266 2236962 2236962 2236962 2236962 2236962 2236962 2236962 2236962 2236962 2236962 2236962 2236962 2236962 2236962 2236962 2236962 2236962 2236962 2236962 2167329 1118481 1118481 1118481 1118481 1118481 1118481 1118481 1118481 1114368 0 0 0 0 0 0 0 0 0 0 0 0 0 0 0 
0 0 0 139266 2236962 2236962 2236962 2236962 2236962 2236962 2236962 2236962 2236962 2236962 2236962 2236962 2236962 2236962 2236962 2236962 2236962 2236962 2236962 2167329 1118481 1118481 1118481 1118481 1118481 1118481 1118481 1114368 0 0 0 0 0 0 0 0 0 0 0 0 0 0 0 0 
0 0 0 139266 2236962 2236962 2236962 2236962 2236962 2236962 2236962 2236962 2236962 2236962 2236962 2236962 2236962 2236962 2236962 2236962 2236962 2236962 2236962 2167329 1118481 1118481 1118481 1118481 1118481 1118481 1114368 0 0 0 0 0 0 0 0 0 0 0 0 0 0 0 0 0 
0 0 0 139266 2236962 2236962 2236962 2236962 2236962 2236962 2236962 2236962 2236962 2236962 2236962 2236962 2236962 2236962 2236962 2236962 2236962 2236962 2236962 2167329 1118481 1118481 1118481 1118481 1118481 1114368 0 0 0 0 0 0 0 0 0 0 0 0 0 0 0 0 0 0 
0 0 0 139266 2236962 2236962 2236962 2236962 2236962 2236962 2236962 2236962 2236962 2236962 2236962 2236962 2236962 2236962 2236962 2236962 2236962 2236962 2236962 2167329 1118481 1118481 1118481 1118481 1114368 0 0 0 0 0 0 0 0 0 0 0 0 0 0 0 0 0 0 0 
0 0 0 139266 2236962 2236962 2236962 2236962 2236962 2236962 2236962 2236962 2236962 2236962 2236962 2236962 2236962 2236962 2236962 2236962 2236962 2236962 2236962 2167329 1118481 1118481 1118481 1114368 0 0 0 0 0 0 0 0 0 0 0 0 0 0 0 0 0 0 0 0 
0 0 0 139266 2236962 2236962 2236962 2236962 2236962 2236962 2236962 2236962 2236962 2236962 2236962 2236962 2236962 2236962 2236962 2236962 2236962 2236962 2236962 2167329 1118481 1118481 1114368 0 0 0 0 0 0 0 0 0 0 0 0 0 0 0 0 0 0 0 0 0 
0 0 0 139266 2236962 2236962 2236962 2236962 2236962 2236962 2236962 2236962 2236962 2236962 2236962 2236962 2236962 2236962 2236962 2236962 2236962 2236962 2236962 2167329 1118481 1114368 0 0 0 0 0 0 0 0 0 0 0 0 0 0 0 0 0 0 0 0 0 0 
0 0 0 139266 2236962 2236962 2236962 2236962 2236962 2236962 2236962 2236962 2236962 2236962 2236962 2236962 2236962 2236962 2236962 2236962 2236962 2236962 2236962 2167329 1114368 0 0 0 0 0 0 0 0 0 0 0 0 0 0 0 0 0 0 0 0 0 0 0 
0 0 0 139264 2236416 2236416 2236416 2236416 2236416 2236416 2236416 2236416 2236416 2236416 2236416 2236416 2236416 2236416 2236416 2236416 2236416 2236416 2236416 2162688 0 0 0 0 0 0 0 0 0 0 0 0 0 0 0 0 0 0 0 0 0 0 0 0 
0 0 0 0 0 0 0 0 0 0 0 0 0 0 0 0 0 0 0 0 0 0 0 0 0 0 0 0 0 0 0 0 0 0 0 0 0 0 0 0 0 0 0 0 0 0 0 0 
0 0 0 0 0 0 0 0 0 0 0 0 0 0 0 0 0 0 0 0 0 0 0 0 0 0 0 0 0 0 0 0 0 0 0 0 0 0 0 0 0 0 0 0 0 0 0 0 
0 0 0 0 0 0 0 0 0 0 0 0 0 0 0 0 0 0 0 0 0 0 0 0 0 0 0 0 0 0 0 0 0 0 0 0 0 0 0 0 0 0 0 0 0 0 0 0 
0 0 0 0 0 0 0 0 0 0 0 0 0 0 0 0 0 0 0 0 0 0 0 0 0 0 0 0 0 0 0 0 0 0 0 0 0 0 0 0 0 0 0 0 0 0 0 0 
