0 0 0 0 0 0 0 0 0 0 0 0 0 0 0 0 0 0 0 0 0 0 0 0 0 0 0 0 0 0 0 0 0 0 0 0 0 0 0 0 0 0 0 0 0 0 0 0 
0 0 0 0 0 0 0 0 0 0 0 0 0 0 0 0 0 0 0 0 0 0 0 0 0 0 0 0 0 0 0 0 0 0 0 0 0 0 0 0 0 0 0 0 0 0 0 0 
0 0 0 0 0 0 0 0 0 0 0 0 0 0 0 0 0 0 0 0 0 0 0 0 0 0 0 0 0 0 0 0 0 0 0 0 0 0 0 0 0 0 0 0 0 0 0 0 
0 0 0 0 0 0 0 0 0 0 0 0 0 0 0 0 0 0 0 0 0 0 0 18 546 546 546 546 546 546 546 546 546 546 546 546 546 546 546 546 546 546 546 544 0 0 0 0 
0 0 0 0 0 0 0 0 0 0 0 0 0 0 0 0 0 0 0 0 0 0 4113 1188114 2236962 2236962 2236962 2236962 2236962 2236962 2236962 2236962 2236962 2236962 2236962 2236962 2236962 2236962 2236962 2236962 2236962 2236962 2236962 2097696 0 0 0 0 
0 0 0 0 0 0 0 0 0 0 0 0 0 0 0 0 0 0 0 0 0 4113 1118481 1188114 2236962 2236962 2236962 2236962 2236962 2236962 2236962 2236962 2236962 2236962 2236962 2236962 2236962 2236962 2236962 2236962 2236962 2236962 2236962 2097696 0 0 0 0 
0 0 0 0 0 0 0 0 0 0 0 0 0 0 0 0 0 0 0 0 4113 1118481 1118481 1188114 2236962 2236962 2236962 2236962 2236962 2236962 2236962 2236962 2236962 2236962 2236962 2236962 2236962 2236962 2236962 2236962 2236962 2236962 2236962 2097696 0 0 0 0 
0 0 0 0 0 0 0 0 0 0 0 0 0 0 0 0 0 0 0 4113 1118481 1118481 1118481 1188114 2236962 2236962 2236962 2236962 2236962 2236962 2236962 2236962 2236962 2236962 2236962 2236962 2236962 2236962 2236962 2236962 2236962 2236962 2236962 2097696 0 0 0 0 
0 0 0 0 0 0 0 0 0 0 0 0 0 0 0 0 0 0 4113 1118481 1118481 1118481 1118481 1188114 2236962 2236962 2236962 2236962 2236962 2236962 2236962 2236962 2236962 2236962 2236962 2236962 2236962 2236962 2236962 2236962 2236962 2236962 2236962 2097696 0 0 0 0 
0 0 0 0 0 0 0 0 0 0 0 0 0 0 0 0 0 4113 1118481 1118481 1118481 1118481 1118481 1188114 2236962 2236962 2236962 2236962 2236962 2236962 2236962 2236962 2236962 2236962 2236962 2236962 2236962 2236962 2236962 2236962 2236962 2236962 2236962 2097696 0 0 0 0 
0 0 0 0 0 0 0 0 0 0 0 0 0 0 0 0 4113 1118481 1118481 1118481 1118481 1118481 1118481 1188114 2236962 2236962 2236962 2236962 2236962 2236962 2236962 2236962 2236962 2236962 2236962 2236962 2236962 2236962 2236962 2236962 2236962 2236962 2236962 2097696 0 0 0 0 
0 0 0 0 0 0 0 0 0 0 0 0 0 0 0 4113 1118481 1118481 1118481 1118481 1118481 1118481 1118481 1188114 2236962 2236962 2236962 2236962 2236962 2236962 2236962 2236962 2236962 2236962 2236962 2236962 2236962 2236962 2236962 2236962 2236962 2236962 2236962 2097696 0 0 0 0 
0 0 0 0 0 0 0 0 0 0 0 0 0 0 4113 1118481 1118481 1118481 1118481 1118481 1118481 1118481 1118481 1188114 2236962 2236962 2236962 2236962 2236962 2236962 2236962 2236962 2236962 2236962 2236962 2236962 2236962 2236962 2236962 2236962 2236962 2236962 2236962 2097696 0 0 0 0 
0 0 0 0 0 0 0 0 0 0 0 0 0 4113 1118481 1118481 1118481 1118481 1118481 1118481 1118481 1118481 1118481 1188114 2236962 2236962 2236962 2236962 2236962 2236962 2236962 2236962 2236962 2236962 2236962 2236962 2236962 2236962 2236962 2236962 2236962 2236962 2236962 2097696 0 0 0 0 
0 0 0 0 0 0 0 0 0 0 0 0 4113 1118481 1118481 1118481 1118481 1118481 1118481 1118481 1118481 1118481 1118481 1188114 2236962 2236962 2236962 2236962 2236962 2236962 2236962 2236962 2236962 2236962 2236962 2236962 2236962 2236962 2236962 2236962 2236962 2236962 2236962 2097696 0 0 0 0 
0 0 0 0 0 0 0 0 0 0 0 4113 1118481 1118481 1118481 1118481 1118481 1118481 1118481 1118481 1118481 1118481 1118481 1188114 2236962 2236962 2236962 2236962 2236962 2236962 2236962 2236962 2236962 2236962 2236962 2236962 2236962 2236962 2236962 2236962 2236962 2236962 2236962 2097696 0 0 0 0 
0 0 0 0 0 0 0 0 0 0 4113 1118481 1118481 1118481 1118481 1118481 1118481 1118481 1118481 1118481 1118481 1118481 1118481 1188114 2236962 2236962 2236962 2236962 2236962 2236962 2236962 2236962 2236962 2236962 2236962 2236962 2236962 2236962 2236962 2236962 2236962 2236962 2236962 2097696 0 0 0 0 
0 0 0 0 0 0 0 0 0 4113 1118481 1118481 1118481 1118481 1118481 1118481 1118481 1118481 1118481 1118481 1118481 1118481 1118481 1188114 2236962 2236962 2236962 2236962 2236962 2236962 2236962 2236962 2236962 2236962 2236962 2236962 2236962 2236962 2236962 2236962 2236962 2236962 2236962 2097696 0 0 0 0 
0 0 0 0 0 0 0 0 4113 1118481 1118481 1118481 1118481 1118481 1118481 1118481 1118481 1118481 1118481 1118481 1118481 1118481 1118481 1188114 2236962 2236962 2236962 2236962 2236962 2236962 2236962 2236962 2236962 2236962 2236962 2236962 2236962 2236962 2236962 2236962 2236962 2236962 2236962 2097696 0 0 0 0 
0 0 0 0 0 0 0 4113 1118481 1118481 1118481 1118481 1118481 1118481 1118481 1118481 1118481 1118481 1118481 1118481 1118481 1118481 1118481 1188114 2236962 2236962 2236962 2236962 2236962 2236962 2236962 2236962 2236962 2236962 2236962 2236962 2236962 2236962 2236962 2236962 2236962 2236962 2236962 2097696 0 0 0 0 
0 0 0 0 0 0 4113 1118481 1118481 1118481 1118481 1118481 1118481 1118481 1118481 1118481 1118481 1118481 1118481 1118481 1118481 1118481 1118481 1188114 2236962 2236962 2236962 2236962 2236962 2236962 2236962 2236962 2236962 2236962 2236962 2236962 2236962 2236962 2236962 2236962 2236962 2236962 2236962 2097696 0 0 0 0 
0 0 0 0 0 4113 1118481 1118481 1118481 1118481 1118481 1118481 1118481 1118481 1118481 1118481 1118481 1118481 1118481 1118481 1118481 1118481 1118481 1188114 2236962 2236962 2236962 2236962 2236962 2236962 2236962 2236962 2236962 2236962 2236962 2236962 2236962 2236962 2236962 2236962 2236962 2236962 2236962 2097696 0 0 0 0 
0 0 0 0 4113 1118481 1118481 1118481 1118481 1118481 1118481 1118481 1118481 1118481 1118481 1118481 1118481 1118481 1118481 1118481 1118481 1118481 1118481 1188114 2236962 2236962 2236962 2236962 2236962 2236962 2236962 2236962 2236962 2236962 2236962 2236962 2236962 2236962 2236962 2236962 2236962 2236962 2236962 2097696 0 0 0 0 
0 0 0 4097 1118481 1118481 1118481 1118481 1118481 1118481 1118481 1118481 1118481 1118481 1118481 1118481 1118481 1118481 1118481 1118481 1118481 1118481 1118481 1188147 2237235 2237235 2237235 2237235 2237235 2237235 2237235 2237235 2237235 2237235 2237235 2237235 2237235 2237235 2237235 2237235 2237235 2237235 2237235 2097920 0 0 0 0 
0 0 0 69633 1118481 1118481 1118481 1118481 1118481 1118481 1118481 1118481 1118481 1118481 1118481 1118481 1118481 1118481 1118481 1118481 1118481 1118481 1126707 3355443 3355443 3355443 3355443 3355443 3355443 3355443 3355443 3355443 3355443 3355443 3355443 3355443 3355443 3355443 3355443 3355443 3355443 3355443 3343104 0 0 0 0 0 
0 0 0 69633 1118481 1118481 1118481 1118481 1118481 1118481 1118481 1118481 1118481 1118481 1118481 1118481 1118481 1118481 1118481 1118481 1118481 1126707 3355443 3355443 3355443 3355443 3355443 3355443 3355443 3355443 3355443 3355443 3355443 3355443 3355443 3355443 3355443 3355443 3355443 3355443 3355443 3343104 0 0 0 0 0 0 
0 0 0 69633 1118481 1118481 1118481 1118481 1118481 1118481 1118481 1118481 1118481 1118481 1118481 1118481 1118481 1118481 1118481 1118481 1126707 3355443 3355443 3355443 3355443 3355443 3355443 3355443 3355443 3355443 3355443 3355443 3355443 3355443 3355443 3355443 3355443 3355443 3355443 3355443 3343104 0 0 0 0 0 0 0 
0 0 0 69633 1118481 1118481 1118481 1118481 1118481 1118481 1118481 1118481 1118481 1118481 1118481 1118481 1118481 1118481 1118481 1126707 3355443 3355443 3355443 3355443 3355443 3355443 3355443 3355443 3355443 3355443 3355443 3355443 3355443 3355443 3355443 3355443 3355443 3355443 3355443 3343104 0 0 0 0 0 0 0 0 
0 0 0 69633 1118481 1118481 1118481 1118481 1118481 1118481 1118481 1118481 1118481 1118481 1118481 1118481 1118481 1118481 1126707 3355443 3355443 3355443 3355443 3355443 3355443 3355443 3355443 3355443 3355443 3355443 3355443 3355443 3355443 3355443 3355443 3355443 3355443 3355443 3343104 0 0 0 0 0 0 0 0 0 
0 0 0 69633 1118481 1118481 1118481 1118481 1118481 1118481 1118481 1118481 1118481 1118481 1118481 1118481 1118481 1126707 3355443 3355443 3355443 3355443 3355443 3355443 3355443 3355443 3355443 3355443 3355443 3355443 3355443 3355443 3355443 3355443 3355443 3355443 3355443 3343104 0 0 0 0 0 0 0 0 0 0 
0 0 0 69633 1118481 1118481 1118481 1118481 1118481 1118481 1118481 1118481 1118481 1118481 1118481 1118481 1126707 3355443 3355443 3355443 3355443 3355443 3355443 3355443 3355443 3355443 3355443 3355443 3355443 3355443 3355443 3355443 3355443 3355443 3355443 3355443 3343104 0 0 0 0 0 0 0 0 0 0 0 
0 0 0 69633 1118481 1118481 1118481 1118481 1118481 1118481 1118481 1118481 1118481 1118481 1118481 1126707 3355443 3355443 3355443 3355443 3355443 3355443 3355443 3355443 3355443 3355443 3355443 3355443 3355443 3355443 3355443 3355443 3355443 3355443 3355443 3343104 0 0 0 0 0 0 0 0 0 0 0 0 
0 0 0 69633 1118481 1118481 1118481 1118481 1118481 1118481 1118481 1118481 1118481 1118481 1126707 3355443 3355443 3355443 3355443 3355443 3355443 3355443 3355443 3355443 3355443 3355443 3355443 3355443 3355443 3355443 3355443 3355443 3355443 3355443 3343104 0 0 0 0 0 0 0 0 0 0 0 0 0 
0 0 0 69633 1118481 1118481 1118481 1118481 1118481 1118481 1118481 1118481 1118481 1126707 3355443 3355443 3355443 3355443 3355443 3355443 3355443 3355443 3355443 3355443 3355443 3355443 3355443 3355443 3355443 3355443 3355443 3355443 3355443 3343104 0 0 0 0 0 0 0 0 0 0 0 0 0 0 
0 0 0 69633 1118481 1118481 1118481 1118481 1118481 1118481 1118481 1118481 1126707 3355443 3355443 3355443 3355443 3355443 3355443 3355443 3355443 3355443 3355443 3355443 3355443 3355443 3355443 3355443 3355443 3355443 3355443 3355443 3343104 0 0 0 0 0 0 0 0 0 0 0 0 0 0 0 
0 0 0 69633 1118481 1118481 1118481 1118481 1118481 1118481 1118481 1126707 3355443 3355443 3355443 3355443 3355443 3355443 3355443 3355443 3355443 3355443 3355443 3355443 3355443 3355443 3355443 3355443 3355443 3355443 3355443 3343104 0 0 0 0 0 0 0 0 0 0 0 0 0 0 0 0 
0 0 0 69633 1118481 1118481 1118481 1118481 1118481 1118481 1126707 3355443 3355443 3355443 3355443 3355443 3355443 3355443 3355443 3355443 3355443 3355443 3355443 3355443 3355443 3355443 3355443 3355443 3355443 3355443 3343104 0 0 0 0 0 0 0 0 0 0 0 0 0 0 0 0 0 
0 0 0 69633 1118481 1118481 1118481 1118481 1118481 1126707 3355443 3355443 3355443 3355443 3355443 3355443 3355443 3355443 3355443 3355443 3355443 3355443 3355443 3355443 3355443 3355443 3355443 3355443 3355443 3343104 0 0 0 0 0 0 0 0 0 0 0 0 0 0 0 0 0 0 
0 0 0 69633 1118481 1118481 1118481 1118481 1126707 3355443 3355443 3355443 3355443 3355443 3355443 3355443 3355443 3355443 3355443 3355443 3355443 3355443 3355443 3355443 3355443 3355443 3355443 3355443 3343104 0 0 0 0 0 0 0 0 0 0 0 0 0 0 0 0 0 0 0 
0 0 0 69633 1118481 1118481 1118481 1126707 3355443 3355443 3355443 3355443 3355443 3355443 3355443 3355443 3355443 3355443 3355443 3355443 3355443 3355443 3355443 3355443 3355443 3355443 3355443 3343104 0 0 0 0 0 0 0 0 0 0 0 0 0 0 0 0 0 0 0 0 
0 0 0 69633 1118481 1118481 1126707 3355443 3355443 3355443 3355443 3355443 3355443 3355443 3355443 3355443 3355443 3355443 3355443 3355443 3355443 3355443 3355443 3355443 3355443 3355443 3343104 0 0 0 0 0 0 0 0 0 0 0 0 0 0 0 0 0 0 0 0 0 
0 0 0 69633 1118481 1126707 3355443 3355443 3355443 3355443 3355443 3355443 3355443 3355443 3355443 3355443 3355443 3355443 3355443 3355443 3355443 3355443 3355443 3355443 3355443 3343104 0 0 0 0 0 0 0 0 0 0 0 0 0 0 0 0 0 0 0 0 0 0 
0 0 0 69633 1126707 3355443 3355443 3355443 3355443 3355443 3355443 3355443 3355443 3355443 3355443 3355443 3355443 3355443 3355443 3355443 3355443 3355443 3355443 3355443 3343104 0 0 0 0 0 0 0 0 0 0 0 0 0 0 0 0 0 0 0 0 0 0 0 
0 0 0 77824 3354624 3354624 3354624 3354624 3354624 3354624 3354624 3354624 3354624 3354624 3354624 3354624 3354624 3354624 3354624 3354624 3354624 3354624 3354624 3342336 0 0 0 0 0 0 0 0 0 0 0 0 0 0 0 0 0 0 0 0 0 0 0 0 
0 0 0 0 0 0 0 0 0 0 0 0 0 0 0 0 0 0 0 0 0 0 0 0 0 0 0 0 0 0 0 0 0 0 0 0 0 0 0 0 0 0 0 0 0 0 0 0 
0 0 0 0 0 0 0 0 0 0 0 0 0 0 0 0 0 0 0 0 0 0 0 0 0 0 0 0 0 0 0 0 0 0 0 0 0 0 0 0 0 0 0 0 0 0 0 0 
0 0 0 0 0 0 0 0 0 0 0 0 0 0 0 0 0 0 0 0 0 0 0 0 0 0 0 0 0 0 0 0 0 0 0 0 0 0 0 0 0 0 0 0 0 0 0 0 
0 0 0 0 0 0 0 0 0 0 0 0 0 0 0 0 0 0 0 0 0 0 0 0 0 0 0 0 0 0 0 0 0 0 0 0 0 0 0 0 0 0 0 0 0 0 0 0 
