0 0 0 0 0 0 0 0 0 0 0 0 0 0 0 0 0 0 0 0 0 0 0 0 0 0 0 0 0 0 0 0 0 0 0 0 0 0 0 0 0 0 0 0 0 0 0 0 
0 0 0 0 0 0 0 0 0 0 0 0 0 0 0 0 0 0 0 0 0 0 0 0 0 0 0 0 0 0 0 0 0 0 0 0 0 0 0 0 0 0 0 0 0 0 0 0 
0 0 0 0 0 0 0 0 0 0 0 0 0 0 0 0 0 0 0 0 0 0 0 0 0 0 0 0 0 0 0 0 0 0 0 0 0 0 0 0 0 0 0 0 0 0 0 0 
0 0 0 0 0 0 0 0 0 0 0 0 0 0 0 0 0 0 0 0 0 0 0 51 935 1863 1863 1863 1863 1863 1863 1863 1863 1863 1863 1863 1863 1863 1863 1863 1863 1863 2002 544 0 0 0 0 
0 0 0 0 0 0 0 0 0 0 0 0 0 0 0 0 0 0 0 0 0 0 12430 3387069 10964340 4670580 4670580 4670580 4670580 4670580 4670580 4670580 4670580 4670580 4670580 4670580 4670580 4670580 4670580 4670580 4670580 4707450 13773564 2100368 0 0 0 0 
0 0 0 0 0 0 0 0 0 0 0 0 0 0 0 0 0 0 0 0 0 32901 9352536 12417075 7631783 7632711 7632711 7632711 7632711 7632711 7632711 7632711 7632711 7632711 7632711 7632711 7632711 7632711 7632711 7632711 7632850 8057385 16554342 9438864 0 0 0 0 
0 0 0 0 0 0 0 0 0 0 0 0 0 0 0 0 0 0 0 0 32901 8738136 5781646 3387069 10964340 4670580 4670580 4670580 4670580 4670580 4670580 4670580 4670580 4670580 4670580 4670580 4670580 4670580 4670580 4707450 13773564 2714777 6723942 9438864 0 0 0 0 
0 0 0 0 0 0 0 0 0 0 0 0 0 0 0 0 0 0 0 32901 8738136 5802117 9352536 12417075 7631783 7632711 7632711 7632711 7632711 7632711 7632711 7632711 7632711 7632711 7632711 7632711 7632711 7632711 7632850 8057385 16554342 10053273 6723942 9438864 0 0 0 0 
0 0 0 0 0 0 0 0 0 0 0 0 0 0 0 0 0 0 32901 8738136 5802117 8738136 5781646 3387069 10964340 4670580 4670580 4670580 4670580 4670580 4670580 4670580 4670580 4670580 4670580 4670580 4670580 4707450 13773564 2714777 6723942 10053273 6723942 9438864 0 0 0 0 
0 0 0 0 0 0 0 0 0 0 0 0 0 0 0 0 0 32901 8738136 5802117 8738136 5802117 9352536 12417075 7631783 7632711 7632711 7632711 7632711 7632711 7632711 7632711 7632711 7632711 7632711 7632711 7632850 8057385 16554342 10053273 6723942 10053273 6723942 9438864 0 0 0 0 
0 0 0 0 0 0 0 0 0 0 0 0 0 0 0 0 32901 8738136 5802117 8738136 5802117 8738136 5781646 3387069 10964340 4670580 4670580 4670580 4670580 4670580 4670580 4670580 4670580 4670580 4670580 4707450 13773564 2714777 6723942 10053273 6723942 10053273 6723942 9438864 0 0 0 0 
0 0 0 0 0 0 0 0 0 0 0 0 0 0 0 32901 8738136 5802117 8738136 5802117 8738136 5802117 9352536 12417075 7631783 7632711 7632711 7632711 7632711 7632711 7632711 7632711 7632711 7632711 7632850 8057385 16554342 10053273 6723942 10053273 6723942 10053273 6723942 9438864 0 0 0 0 
0 0 0 0 0 0 0 0 0 0 0 0 0 0 32901 8738136 5802117 8738136 5802117 8738136 5802117 8738136 5781646 3387069 10964340 4670580 4670580 4670580 4670580 4670580 4670580 4670580 4670580 4707450 13773564 2714777 6723942 10053273 6723942 10053273 6723942 10053273 6723942 9438864 0 0 0 0 
0 0 0 0 0 0 0 0 0 0 0 0 0 32901 8738136 5802117 8738136 5802117 8738136 5802117 8738136 5802117 9352536 12417075 7631783 7632711 7632711 7632711 7632711 7632711 7632711 7632711 7632850 8057385 16554342 10053273 6723942 10053273 6723942 10053273 6723942 10053273 6723942 9438864 0 0 0 0 
0 0 0 0 0 0 0 0 0 0 0 0 32901 8738136 5802117 8738136 5802117 8738136 5802117 8738136 5802117 8738136 5781646 3387069 10964340 4670580 4670580 4670580 4670580 4670580 4670580 4707450 13773564 2714777 6723942 10053273 6723942 10053273 6723942 10053273 6723942 10053273 6723942 9438864 0 0 0 0 
0 0 0 0 0 0 0 0 0 0 0 32901 8738136 5802117 8738136 5802117 8738136 5802117 8738136 5802117 8738136 5802117 9352536 12417075 7631783 7632711 7632711 7632711 7632711 7632711 7632850 8057385 16554342 10053273 6723942 10053273 6723942 10053273 6723942 10053273 6723942 10053273 6723942 9438864 0 0 0 0 
0 0 0 0 0 0 0 0 0 0 32901 8738136 5802117 8738136 5802117 8738136 5802117 8738136 5802117 8738136 5802117 8738136 5781646 3387069 10964340 4670580 4670580 4670580 4670580 4707450 13773564 2714777 6723942 10053273 6723942 10053273 6723942 10053273 6723942 10053273 6723942 10053273 6723942 9438864 0 0 0 0 
0 0 0 0 0 0 0 0 0 32901 8738136 5802117 8738136 5802117 8738136 5802117 8738136 5802117 8738136 5802117 8738136 5802117 9352536 12417075 7631783 7632711 7632711 7632711 7632850 8057385 16554342 10053273 6723942 10053273 6723942 10053273 6723942 10053273 6723942 10053273 6723942 10053273 6723942 9438864 0 0 0 0 
0 0 0 0 0 0 0 0 32901 8738136 5802117 8738136 5802117 8738136 5802117 8738136 5802117 8738136 5802117 8738136 5802117 8738136 5781646 3387069 10964340 4670580 4670580 4707450 13773564 2714777 6723942 10053273 6723942 10053273 6723942 10053273 6723942 10053273 6723942 10053273 6723942 10053273 6723942 9438864 0 0 0 0 
0 0 0 0 0 0 0 32901 8738136 5802117 8738136 5802117 8738136 5802117 8738136 5802117 8738136 5802117 8738136 5802117 8738136 5802117 9352536 12417075 7631783 7632711 7632850 8057385 16554342 10053273 6723942 10053273 6723942 10053273 6723942 10053273 6723942 10053273 6723942 10053273 6723942 10053273 6723942 9438864 0 0 0 0 
0 0 0 0 0 0 32901 8738136 5802117 8738136 5802117 8738136 5802117 8738136 5802117 8738136 5802117 8738136 5802117 8738136 5802117 8738136 5781646 3387069 10964340 4707450 13773564 2714777 6723942 10053273 6723942 10053273 6723942 10053273 6723942 10053273 6723942 10053273 6723942 10053273 6723942 10053273 6723942 9438864 0 0 0 0 
0 0 0 0 0 32901 8738136 5802117 8738136 5802117 8738136 5802117 8738136 5802117 8738136 5802117 8738136 5802117 8738136 5802117 8738136 5802117 9352536 12417075 7631634 8057385 16554342 10053273 6723942 10053273 6723942 10053273 6723942 10053273 6723942 10053273 6723942 10053273 6723942 10053273 6723942 10053273 6723942 9438864 0 0 0 0 
0 0 0 0 32795 8739816 5802011 8739816 5802011 8739816 5802011 8739816 5802011 8739816 5802011 8739816 5802011 8739816 5802011 8739816 5802011 8739816 5781522 3346977 1188147 2712345 6724047 10055449 6724047 10055449 6724047 10055449 6724047 10055449 6724047 10055449 6724047 10055449 6724047 10055449 6724047 10055449 6724047 9441040 0 0 0 0 
0 0 0 4097 1827324 15211665 1827324 15211665 1827324 15211665 1827324 15211665 1827324 15211665 1827324 15211665 1827324 15211665 1827324 15211665 1827324 15211665 1188147 2175762 3346977 1687950 13573809 1687950 13573809 1687950 13573809 1687950 13573809 1687950 13573809 1687950 13573809 1687950 13573809 1687950 13573809 1687950 13573809 1048832 0 0 0 0 
0 0 0 126985 16554342 9565849 16554342 9565849 16554342 9565849 16554342 9565849 16554342 9565849 16554342 9565849 16554342 9565849 16554342 9565849 16554342 9516690 3346977 1188147 2196357 9352536 11634821 9352536 11634821 9352536 11634821 9352536 11634821 9352536 11634821 9352536 11634821 9352536 11634821 9352536 11634821 9352536 11601920 0 0 0 0 0 
0 0 0 614409 6723942 10053273 6723942 10053273 6723942 10053273 6723942 10053273 6723942 10053273 6723942 10053273 6723942 10053273 6723942 10053273 6724047 9580455 2176839 3377115 8739816 5802117 8738136 5802117 8738136 5802117 8738136 5802117 8738136 5802117 8738136 5802117 8738136 5802117 8738136 5802117 8738136 5769216 0 0 0 0 0 0 
0 0 0 614409 6723942 10053273 6723942 10053273 6723942 10053273 6723942 10053273 6723942 10053273 6723942 10053273 6723942 10053273 6723942 10077842 13607469 10964340 4707450 14412339 15238021 8738136 5802117 8738136 5802117 8738136 5802117 8738136 5802117 8738136 5802117 8738136 5802117 8738136 5802117 8738136 5769216 0 0 0 0 0 0 0 
0 0 0 614409 6723942 10053273 6723942 10053273 6723942 10053273 6723942 10053273 6723942 10053273 6723942 10053273 6723942 10053273 6724047 9580455 2979655 7632711 8009543 3377115 8739816 5802117 8738136 5802117 8738136 5802117 8738136 5802117 8738136 5802117 8738136 5802117 8738136 5802117 8738136 5769216 0 0 0 0 0 0 0 0 
0 0 0 614409 6723942 10053273 6723942 10053273 6723942 10053273 6723942 10053273 6723942 10053273 6723942 10053273 6723942 10077842 13607469 10964340 4670580 4670580 4707450 14412339 15238021 8738136 5802117 8738136 5802117 8738136 5802117 8738136 5802117 8738136 5802117 8738136 5802117 8738136 5769216 0 0 0 0 0 0 0 0 0 
0 0 0 614409 6723942 10053273 6723942 10053273 6723942 10053273 6723942 10053273 6723942 10053273 6723942 10053273 6724047 9580455 2979655 7632711 7632711 7632711 8009543 3377115 8739816 5802117 8738136 5802117 8738136 5802117 8738136 5802117 8738136 5802117 8738136 5802117 8738136 5769216 0 0 0 0 0 0 0 0 0 0 
0 0 0 614409 6723942 10053273 6723942 10053273 6723942 10053273 6723942 10053273 6723942 10053273 6723942 10077842 13607469 10964340 4670580 4670580 4670580 4670580 4707450 14412339 15238021 8738136 5802117 8738136 5802117 8738136 5802117 8738136 5802117 8738136 5802117 8738136 5769216 0 0 0 0 0 0 0 0 0 0 0 
0 0 0 614409 6723942 10053273 6723942 10053273 6723942 10053273 6723942 10053273 6723942 10053273 6724047 9580455 2979655 7632711 7632711 7632711 7632711 7632711 8009543 3377115 8739816 5802117 8738136 5802117 8738136 5802117 8738136 5802117 8738136 5802117 8738136 5769216 0 0 0 0 0 0 0 0 0 0 0 0 
0 0 0 614409 6723942 10053273 6723942 10053273 6723942 10053273 6723942 10053273 6723942 10077842 13607469 10964340 4670580 4670580 4670580 4670580 4670580 4670580 4707450 14412339 15238021 8738136 5802117 8738136 5802117 8738136 5802117 8738136 5802117 8738136 5769216 0 0 0 0 0 0 0 0 0 0 0 0 0 
0 0 0 614409 6723942 10053273 6723942 10053273 6723942 10053273 6723942 10053273 6724047 9580455 2979655 7632711 7632711 7632711 7632711 7632711 7632711 7632711 8009543 3377115 8739816 5802117 8738136 5802117 8738136 5802117 8738136 5802117 8738136 5769216 0 0 0 0 0 0 0 0 0 0 0 0 0 0 
0 0 0 614409 6723942 10053273 6723942 10053273 6723942 10053273 6723942 10077842 13607469 10964340 4670580 4670580 4670580 4670580 4670580 4670580 4670580 4670580 4707450 14412339 15238021 8738136 5802117 8738136 5802117 8738136 5802117 8738136 5769216 0 0 0 0 0 0 0 0 0 0 0 0 0 0 0 
0 0 0 614409 6723942 10053273 6723942 10053273 6723942 10053273 6724047 9580455 2979655 7632711 7632711 7632711 7632711 7632711 7632711 7632711 7632711 7632711 8009543 3377115 8739816 5802117 8738136 5802117 8738136 5802117 8738136 5769216 0 0 0 0 0 0 0 0 0 0 0 0 0 0 0 0 
0 0 0 614409 6723942 10053273 6723942 10053273 6723942 10077842 13607469 10964340 4670580 4670580 4670580 4670580 4670580 4670580 4670580 4670580 4670580 4670580 4707450 14412339 15238021 8738136 5802117 8738136 5802117 8738136 5769216 0 0 0 0 0 0 0 0 0 0 0 0 0 0 0 0 0 
0 0 0 614409 6723942 10053273 6723942 10053273 6724047 9580455 2979655 7632711 7632711 7632711 7632711 7632711 7632711 7632711 7632711 7632711 7632711 7632711 8009543 3377115 8739816 5802117 8738136 5802117 8738136 5769216 0 0 0 0 0 0 0 0 0 0 0 0 0 0 0 0 0 0 
0 0 0 614409 6723942 10053273 6723942 10077842 13607469 10964340 4670580 4670580 4670580 4670580 4670580 4670580 4670580 4670580 4670580 4670580 4670580 4670580 4707450 14412339 15238021 8738136 5802117 8738136 5769216 0 0 0 0 0 0 0 0 0 0 0 0 0 0 0 0 0 0 0 
0 0 0 614409 6723942 10053273 6724047 9580455 2979655 7632711 7632711 7632711 7632711 7632711 7632711 7632711 7632711 7632711 7632711 7632711 7632711 7632711 8009543 3377115 8739816 5802117 8738136 5769216 0 0 0 0 0 0 0 0 0 0 0 0 0 0 0 0 0 0 0 0 
0 0 0 614409 6723942 10077842 13607469 10964340 4670580 4670580 4670580 4670580 4670580 4670580 4670580 4670580 4670580 4670580 4670580 4670580 4670580 4670580 4707450 14412339 15238021 8738136 5769216 0 0 0 0 0 0 0 0 0 0 0 0 0 0 0 0 0 0 0 0 0 
0 0 0 614409 6724047 9580455 2979655 7632711 7632711 7632711 7632711 7632711 7632711 7632711 7632711 7632711 7632711 7632711 7632711 7632711 7632711 7632711 8009543 3377115 8739816 5769216 0 0 0 0 0 0 0 0 0 0 0 0 0 0 0 0 0 0 0 0 0 0 
0 0 0 638978 13607469 10964340 4670580 4670580 4670580 4670580 4670580 4670580 4670580 4670580 4670580 4670580 4670580 4670580 4670580 4670580 4670580 4670580 4707450 14412339 15205120 0 0 0 0 0 0 0 0 0 0 0 0 0 0 0 0 0 0 0 0 0 0 0 
0 0 0 139264 2977792 7630848 7630848 7630848 7630848 7630848 7630848 7630848 7630848 7630848 7630848 7630848 7630848 7630848 7630848 7630848 7630848 7630848 8007680 3342336 0 0 0 0 0 0 0 0 0 0 0 0 0 0 0 0 0 0 0 0 0 0 0 0 
0 0 0 0 0 0 0 0 0 0 0 0 0 0 0 0 0 0 0 0 0 0 0 0 0 0 0 0 0 0 0 0 0 0 0 0 0 0 0 0 0 0 0 0 0 0 0 0 
0 0 0 0 0 0 0 0 0 0 0 0 0 0 0 0 0 0 0 0 0 0 0 0 0 0 0 0 0 0 0 0 0 0 0 0 0 0 0 0 0 0 0 0 0 0 0 0 
0 0 0 0 0 0 0 0 0 0 0 0 0 0 0 0 0 0 0 0 0 0 0 0 0 0 0 0 0 0 0 0 0 0 0 0 0 0 0 0 0 0 0 0 0 0 0 0 
0 0 0 0 0 0 0 0 0 0 0 0 0 0 0 0 0 0 0 0 0 0 0 0 0 0 0 0 0 0 0 0 0 0 0 0 0 0 0 0 0 0 0 0 0 0 0 0 
